15978
15998
16029
16073
16086
16190
16109
16120
16182
16215
16173
16265
15946
16157
16136
16248
16056
16289
16079
16149
16275
15973
16317
16131
16205
16095
16306
16010
15986
16240
16023
16196
15956
16231
303731
303532
303516
303596
303430
303725
303504
303451
303664
303682
303400
303634
303421
303493
303680
303479
303615
303696
303487
303600
303548
303652
303674
303470
303700
303707
303666
303715
303377
303524
303517
303610
303473
3749052
3749522
3749246
3749257
3749642
3749358
3749346
3749253
3749079
3749465
3749133
3749528
3749233
3749462
3749552
3749296
3749454
3749276
3749068
3749310
3749493
3749434
3749192
3749196
3749448
3749360
3749453
3749278
3749603
3749274
3749590
3749631
3749117
3749108
3749153
3749403
3749526
3749431
3773386
3773565
3773457
3773631
3773665
3773497
3773660
3773593
3773466
3773585
3773552
3773672
3773587
3773656
3773377
3773586
3773372
3773387
3773695
3773369
3773661
3773597
3773523
3773571
3773428
3764661
3773526
3773474
3773625
3773403
3773547
3773415
3764440
3773689
3773477
